100 100
0000000000000000000000000000000000000000000000000000000000000000000000000000000000000000000000000000
0000000000000000000000000000000000000000000000000000000000000000000000000000000000000000000000000000
0000000000000000000000000000000000000000000000000000000000000000000000000000000000000000000000000000
0000000000000000000000000000000000000000000000000000000000000000000000000000000000000000000000000000
0000000000000000000000000000000000000000000000000000000000000000000000000000000000000000000000000000
0000000000000000000000000000000000000000000000000000000000000000000000000000000000000000000000000000
0000000000000000000000000000000000000000000000000000000000000000000000000000000000000000000000000000
0000000000000000000000000000000000000000000000000000000000000000000000000000000000000000000000000000
0000011111111111110011111111100000000000000000000000000000000000000000000000000000000000000000000000
0000010000000000010010000000100000000000000000000000000000000000000000000000000000000000000000000000
0000010000000000010010000000100000000000000000000000000000000000000000000000000000000000000000000000
0000010000000000010010000000100000000000000000000000000000000000000000000000000000000000000000000000
0000010000000000010010000000100000000000000000000000000000000000000000000000000000000000000000000000
0000010000000000010010000000100000000000000000000000000000000000000000000000000000000000000000000000
0000010000000000010011111111100000000000000000000000000000000000000000000000000000000000000000000000
0000010000000000010000000000000000000000000000000000000000000000000000000000000000000000000000000000
0000010000000000010000000000000000000000000000000000000000000000000000000000000000000000000000000000
0000010000000000010000000000000000000000000000000000000000000000000000000000000000000000000000000000
0000011111101111110000000000000000000000000000000000000000000000000000000000000000000000000000000000
0000000000030000000000000000000000000000000000000000000000000000000000000000000000000000000000000000
0000000000030000000000000000000000000000000000000000000000000000000000000000000000000000000000000000
0000000000030000000000000000000000000000000000000000000000000000000000000000000000000000000000000000
0000000000030000000000000000000001111111111110000000000000000000000000000000000000000000000000000000
0000000000030000000000000000000001000000000010000000000000000000000000000000000000000000000000000000
0000000000030000000000000000000001000000000010000000000000000000000000000000000000000000000000000000
0000000000030000000000000000000001000000000010000000000000000000000000000000000000000000000000000000
0000000000030000000000000000000001000000000010000000000000000000000000000000000000000000000000000000
0000000000030000000000000000000001000000000010000000000000000000000000000000000000000000000000000000
0000000000030000000000000000000001000000000010000000000000000000000000000000000000000000000000000000
0000000000030000000000000000000001000000000010000000000000000000000000000000000000000000000000000000
0000000000030000000000000000000001000000000010000000000000000000000000000000000000000000000000000000
0000000000030000000000000000000001000000000010000000000000000000000000000000000000000000000000000000
0000000000030000000000000000000001111101111110000000000000000000000000000000000000000000000000000000
0000000000033333333333333333333333333330000000000000000000000000000000000000000000000000000000000000
0000000000000000000000000000000000000000000000000000000000000000000000000000000000000000000000000000
0000000000000000000000000000000000000000000000000000000000000000000000000000000000000000000000000000
0000000000000000000000000000000000000000000000000000000000000000000000000000000000000000000000000000
0000000000000000000000000000000000000000000000000000000000000000000000000000000000000000000000000000
0000000000000000000000000000000000000000000000000000000000000000000000000000000000000000000000000000
0000000000000000000000000000000000000000000000000000000000000000000000000000000000000000000000000000
0000000000000000000000000000000000000000000000000000000000000000000000000000000000000000000000000000
0000000000000000000000000000000000000000000000000000000000000000000000000000000000000000000000000000
0000000000000000000000000000000000000000000000000000000000000000000000000000000000000000000000000000
0000000000000000000000000000000000000000000000000000000000000000000000000000000000000000000000000000
0000000011011111111101111111110111111111011111111101111111110111111111011111111101111111110110000000
0000000000000000000000000000000000000000000000000000000000000000000000000000000000000000000000000000
0000000000000000000000000000000000000000000000000000000000000000000000000000000000000000000000000000
0000000000000000000000000000000000000000000000000000000000000000000000000000000000000000000000000000
0000000000000000000000000000000000000000000000000000000000000000000000000000000000000000000000000000
0000000000000000000000000000000000000000000000000000000000000000000000000000000000000000000000000000
0000000000000000000000000000000000000000000000000000000000000000000000000000000000000000000000000000
0000000000000000000000000000000000000000000000000000000000000000000000000000000000000000000000000000
0000000000000000000000000000000000000000000000000000000000000000000000000000000000000000000000000000
0000000000000000000000000000000000000000000000000000000000000000000000000000000000000000000000000000
0000000000000000000000000000000000000000000000000000000000000000000000000000000000000000000000000000
0000000000000000000000000000000000000000000000000000000000000000000000000000000000000000000000000000
0000000000000000000000000000000000000000000000000000000000000000000000000000000000000000000000000000
0000000000000000000000000000000000000000000000000000000000000000000000000000000000000000000000000000
0000000000000000000000000000000000000000000000000000000000000000000000000000000000000000000000000000
0000000000000000000000000000000000000000000000000000000000000000000000000000000000000000000000000000
0000000000000000000000000000000000000000000000000000000000000000000000000000000000000000000000000000
0000000000000000000000000000000000000000000000000000000000000000000000000000000000000000000000000000
0000000000000000000000000000000000000000000000000000000000000000000000000000000000000000000000000000
0000000000000000000000000000000000000000000000000000000000000000000000000000000000000000000000000000
0000000000000000000000000000000000000000000000000000000000000000000000000000000000000000000000000000
0000000000000000000000000000000000000000000000000000000000000000000000000000000000000000000000000000
0000000000000000000000000000000000000000000000000000000000000000000000000000000000000000000000000000
0000000000000000000000000000000000000000000000000000000000000000000000000000000000000000000000000000
0000000000000000000000000000000000000000000000000000000000000000000000000000000000000000000000000000
0000000000000000000000000000000000000000000000000000000000000000000000000000000000000000000000000000
0000000000000000000000000000000000000000000000000000000000000000000000000000000000000000000000000000
0000000000000000000000000000000000000000000000000000000000000000000000000000000000000000000000000000
0000000000000000000000000000000000000000000000000000000000000000000000000000000000000000000000000000
0000000000000000000000000000000000000000000000000000000000000000000000000000000000000000000000000000
0000000000000000000000000000000000000000000000000000000000000000000000000000000000000000000000000000
0000000000000000000000000000000000000000000000000000000000000000000000000000000000000000000000000000
0000000000000000000000000000000000000000000000000000000000000000000000000000000000000000000000000000
0000000000000000000000000000000000000000000000000000000000000000000000000000000000000000000000000000
0000000000000000000000000000000000000000000000000000000000000000000000000000000000000000000000000000
0000000000000000000000000000000000000000000000000000000000000000000000000000000000000000000000000000
0000000000000000000000000000000000000000000000000000000000000000000000000000000000000000000000000000
0000000000000000000000000000000000000000000000000000000000000000000000000000000000000000000000000000
0000000000000000000000000000000000000000000000000000000000000000000000000000000000000000000000000000
0000000000000000000000000000000000000000000000000000000000000000000000000000000000000000000000000000
0000000000000000000000000000000000000000000000000000000000000000000000000000000000000000000000000000
0000000000000000000000000000000000000000000000000000000000000000000000000000000000000000000000000000
0000000000000000000000000000000000000000000000000000000000000000000000000000000000000000000000000000
0000000000000000000000000000000000000000000000000000000000000000000000000000000000000000000000000000
0000000000000000000000000000000000000000000000000000000000000000000000000000000000000000000000000000
0000000000000000000000000000000000000000000000000000000000000000000000000000000000000000000000000000
0000000000000000000000000000000000000000000000000000000000000000000000000000000000000000000000000000
0000000000000000000000000000000000000000000000000000000000000000000000000000000000000000000000000000
0000000000000000000000000000000000000000000000000000000000000000000000000000000000000000000000000000
0000000000000000000000000000000000000000000000000000000000000000000000000000000000000000000000000000
0000000000000000000000000000000000000000000000000000000000000000000000000000000000000000000000000000
0000000000000000000000000000000000000000000000000000000000000000000000000000000000000000000000000000
0000000000000000000000000000000000000000000000000000000000000000000000000000000000000000000000000000
0000000000000000000000000000000000000000000000000000000000000000000000000000000000000000000000000000
0000000000000000000000000000000000000000000000000000000000000000000000000000000000000000000000000000
0000000000000000000000000000000000000000000000000000000000000000000000000000000000000000000000000000
HEIGHTS
5,8,1
6,8,1
7,8,1
8,8,1
9,8,1
10,8,1
11,8,1
12,8,1
13,8,1
14,8,1
15,8,1
16,8,1
17,8,1
5,9,1
17,9,1
5,10,1
17,10,1
5,11,1
17,11,1
5,12,1
17,12,1
5,13,1
17,13,1
5,14,1
17,14,1
5,15,1
17,15,1
5,16,1
17,16,1
5,17,1
17,17,1
5,18,1
6,18,1
7,18,1
8,18,1
9,18,1
10,18,1
12,18,1
13,18,1
14,18,1
15,18,1
16,18,1
17,18,1
20,8,1
21,8,1
22,8,1
23,8,1
24,8,1
25,8,1
26,8,1
27,8,1
28,8,1
20,9,1
28,9,1
20,10,1
28,10,1
20,11,1
28,11,1
20,12,1
28,12,1
20,13,1
28,13,1
20,14,1
21,14,1
22,14,1
23,14,1
24,14,1
25,14,1
26,14,1
27,14,1
28,14,1
33,22,1
34,22,1
35,22,1
36,22,1
37,22,1
38,22,1
39,22,1
40,22,1
41,22,1
42,22,1
43,22,1
44,22,1
45,22,1
33,23,1
45,23,1
33,24,1
45,24,1
33,25,1
45,25,1
33,26,1
45,26,1
33,27,1
45,27,1
33,28,1
45,28,1
33,29,1
45,29,1
33,30,1
45,30,1
33,31,1
45,31,1
33,32,1
34,32,1
35,32,1
36,32,1
37,32,1
38,32,1
40,32,1
41,32,1
42,32,1
43,32,1
44,32,1
45,32,1
8,44,1
9,44,1
11,44,1
12,44,1
13,44,1
14,44,1
15,44,1
16,44,1
17,44,1
18,44,1
19,44,1
21,44,1
22,44,1
23,44,1
24,44,1
25,44,1
26,44,1
27,44,1
28,44,1
29,44,1
31,44,1
32,44,1
33,44,1
34,44,1
35,44,1
36,44,1
37,44,1
38,44,1
39,44,1
41,44,1
42,44,1
43,44,1
44,44,1
45,44,1
46,44,1
47,44,1
48,44,1
49,44,1
51,44,1
52,44,1
53,44,1
54,44,1
55,44,1
56,44,1
57,44,1
58,44,1
59,44,1
61,44,1
62,44,1
63,44,1
64,44,1
65,44,1
66,44,1
67,44,1
68,44,1
69,44,1
71,44,1
72,44,1
73,44,1
74,44,1
75,44,1
76,44,1
77,44,1
78,44,1
79,44,1
81,44,1
82,44,1
83,44,1
84,44,1
85,44,1
86,44,1
87,44,1
88,44,1
89,44,1
91,44,1
92,44,1
SPAWN 40 36
NPC 45 36 FLAG:story_intro_complete I am a wizard of old. If you come with me you will never have to worry about your master again and I will take you on an adventure. My name is Maiteln. Will you come with me? || Come, we must make haste before your master notices we are gone.
NPC 11 14 Boy! Get back to your chores this instant or you will be punished!
DOOR 11 18 madrian_masters_house door_masters_exit
DOOR 39 32 madrian_inn door_inn_exit
DOOR 10 44 maykalene
DOOR 20 44 main
DOOR 30 44 house_1
DOOR 40 44 test
DOOR 50 44 maykalene_inn
DOOR 60 44 farsyth_mansion
DOOR 70 44 blancogov
DOOR 80 44 blancogov_temple
DOOR 90 44 infinite
